36
0 1
0 2
1 0
1 2
1 3
1 4
2 0
2 1
2 4
2 5
3 1
3 4
3 6
3 7
4 1
4 2
4 3
4 5
4 7
4 8
5 2
5 4
5 8
5 9
6 3
6 7
6 10
6 11
7 3
7 4
7 6
7 8
7 11
7 12
8 4
8 5
8 7
8 9
8 12
8 13
9 5
9 8
9 13
9 14
10 6
10 11
10 15
10 16
11 6
11 7
11 10
11 12
11 16
11 17
12 7
12 8
12 11
12 13
12 17
12 18
13 8
13 9
13 12
13 14
13 18
13 19
14 9
14 13
14 19
14 20
15 10
15 16
15 21
15 22
16 10
16 11
16 15
16 17
16 22
16 23
17 11
17 12
17 16
17 18
17 23
17 24
18 12
18 13
18 17
18 19
18 24
18 25
19 13
19 14
19 18
19 20
19 25
19 26
20 14
20 19
20 26
20 27
21 15
21 22
21 28
21 29
22 15
22 16
22 21
22 23
22 29
22 30
23 16
23 17
23 22
23 24
23 30
23 31
24 17
24 18
24 23
24 25
24 31
24 32
25 18
25 19
25 24
25 26
25 32
25 33
26 19
26 20
26 25
26 27
26 33
26 34
27 20
27 26
27 34
27 35
28 21
28 29
29 21
29 22
29 28
29 30
30 22
30 23
30 29
30 31
31 23
31 24
31 30
31 32
32 24
32 25
32 31
32 33
33 25
33 26
33 32
33 34
34 26
34 27
34 33
34 35
35 27
35 34
